Relation Name:  creditcard-weka.filters.unsupervised.attribute.NumericToNominal-Rlast
Num Instances:  284807
Num Attributes: 31

     Name                      Type  Nom  Int Real     Missing      Unique  Dist
 1 Time                       Num   0% 100%   0%     0 /  0% 45163 / 16% 12459
 2 V1                         Num   0%   0% 100%     0 /  0% 24997 / 88% 26485
 3 V2                         Num   0%   0% 100%     0 /  0% 25121 / 88% 26565
 4 V3                         Num   0%   0% 100%     0 /  0% 25521 / 90% 26778
 5 V4                         Num   0%   0% 100%     0 /  0% 25433 / 89% 26728
 6 V5                         Num   0%   0% 100%     0 /  0% 25085 / 88% 26548
 7 V6                         Num   0%   0% 100%     0 /  0% 24770 / 87% 26381
 8 V7                         Num   0%   0% 100%     0 /  0% 24674 / 87% 26330
 9 V8                         Num   0%   0% 100%     0 /  0% 22694 / 80% 25254
10 V9                         Num   0%   0% 100%     0 /  0% 25037 / 88% 26522
11 V10                        Num   0%   0% 100%     0 /  0% 24463 / 86% 26213
12 V11                        Num   0%   0% 100%     0 /  0% 25072 / 88% 26538
13 V12                        Num   0%   0% 100%     0 /  0% 24492 / 86% 26233
14 V13                        Num   0%   0% 100%     0 /  0% 25020 / 88% 26514
15 V14                        Num   0%   0% 100%     0 /  0% 24364 / 86% 26165
16 V15                        Num   0%   0% 100%     0 /  0% 24831 / 87% 26415
17 V16                        Num   0%   0% 100%     0 /  0% 24520 / 86% 26247
18 V17                        Num   0%   0% 100%     0 /  0% 24053 / 84% 26000
19 V18                        Num   0%   0% 100%     0 /  0% 24490 / 86% 26235
20 V19                        Num   0%   0% 100%     0 /  0% 24371 / 86% 26166
21 V20                        Num   0%   0% 100%     0 /  0% 20944 / 74% 24255
22 V21                        Num   0%   0% 100%     0 /  0% 21092 / 74% 24370
23 V22                        Num   0%   0% 100%     0 /  0% 24285 / 85% 26127
24 V23                        Num   0%   0% 100%     0 /  0% 20022 / 70% 23731
25 V24                        Num   0%   0% 100%     0 /  0% 23274 / 82% 25571
26 V25                        Num   0%   0% 100%     0 /  0% 23094 / 81% 25486
27 V26                        Num   0%   0% 100%     0 /  0% 22700 / 80% 25260
28 V27                        Num   0%   0% 100%     0 /  0% 16844 / 59% 21664
29 V28                        Num   0%   0% 100%     0 /  0% 14460 / 51% 20008
30 Amount                     Num   0%  25%  75%     0 /  0% 15964 /  6% 32767
31 Class                      Nom 100%   0%   0%     0 /  0%     0 /  0%     2

Dataset does not contain missing values.
Data description:
Attribute: Time
  - Mean: 94813.8595750826
  - Standard Deviation: 47488.14595456626
  - Minimum: 0.0
  - Maximum: 172792.0
Attribute: V1
  - Mean: 6.425404086167804E-10
  - Standard Deviation: 1.958695804595131
  - Minimum: -56.40751
  - Maximum: 2.45493
Attribute: V2
  - Mean: -6.320069954389402E-11
  - Standard Deviation: 1.6513085798946592
  - Minimum: -72.715728
  - Maximum: 22.057729
Attribute: V3
  - Mean: 4.5644988552649365E-11
  - Standard Deviation: 1.5162550062008753
  - Minimum: -48.325589
  - Maximum: 9.382558
Attribute: V4
  - Mean: -5.301836013334063E-10
  - Standard Deviation: 1.4158685742713926
  - Minimum: -5.683171
  - Maximum: 16.875344
Attribute: V5
  - Mean: -2.032955645020193E-9
  - Standard Deviation: 1.380246733114994
  - Minimum: -113.743307
  - Maximum: 34.801666
Attribute: V6
  - Mean: 1.0147222431479115E-9
  - Standard Deviation: 1.3322710893812897
  - Minimum: -26.160506
  - Maximum: 73.301626
Attribute: V7
  - Mean: 3.792042071289686E-10
  - Standard Deviation: 1.2370935981351352
  - Minimum: -43.557242
  - Maximum: 120.589494
Attribute: V8
  - Mean: -1.4185044825314776E-9
  - Standard Deviation: 1.1943529033026297
  - Minimum: -73.216718
  - Maximum: 20.007208
Attribute: V9
  - Mean: -3.3355924006490985E-10
  - Standard Deviation: 1.0986320889252805
  - Minimum: -13.434066
  - Maximum: 15.594995
Attribute: V10
  - Mean: 1.5097943868134363E-10
  - Standard Deviation: 1.0888497657267755
  - Minimum: -24.588262
  - Maximum: 23.745136
Attribute: V11
  - Mean: 5.863619768695078E-10
  - Standard Deviation: 1.0207130268116018
  - Minimum: -4.797473
  - Maximum: 12.018913
Attribute: V12
  - Mean: -8.637428321895857E-10
  - Standard Deviation: 0.9992013891754827
  - Minimum: -18.683715
  - Maximum: 7.848392
Attribute: V13
  - Mean: 2.6684737328100015E-10
  - Standard Deviation: 0.9952742292023593
  - Minimum: -5.791881
  - Maximum: 7.126883
Attribute: V14
  - Mean: 2.73869716565939E-10
  - Standard Deviation: 0.9585956107223983
  - Minimum: -19.214325
  - Maximum: 10.526766
Attribute: V15
  - Mean: -1.2289024795325681E-10
  - Standard Deviation: 0.9153160106957503
  - Minimum: -4.498945
  - Maximum: 8.877742
Attribute: V16
  - Mean: 1.2464581464941932E-9
  - Standard Deviation: 0.8762528873699935
  - Minimum: -14.129855
  - Maximum: 17.315112
Attribute: V17
  - Mean: -3.5111497533847153E-10
  - Standard Deviation: 0.8493370625356712
  - Minimum: -25.162799
  - Maximum: 9.253526
Attribute: V18
  - Mean: -5.301835972481664E-10
  - Standard Deviation: 0.8381762096301799
  - Minimum: -9.498746
  - Maximum: 5.041069
Attribute: V19
  - Mean: 1.2640137398681368E-10
  - Standard Deviation: 0.8140405008804805
  - Minimum: -7.213527
  - Maximum: 5.591971
Attribute: V20
  - Mean: 5.301835476098916E-10
  - Standard Deviation: 0.7709250242798934
  - Minimum: -54.49772
  - Maximum: 39.420904
Attribute: V21
  - Mean: -2.773808287028616E-10
  - Standard Deviation: 0.7345240133828188
  - Minimum: -34.830382
  - Maximum: 27.202839
Attribute: V22
  - Mean: -5.863619984979118E-10
  - Standard Deviation: 0.725701560725418
  - Minimum: -10.933144
  - Maximum: 10.50309
Attribute: V23
  - Mean: -6.249846327090895E-10
  - Standard Deviation: 0.6244602956208221
  - Minimum: -44.807735
  - Maximum: 22.528412
Attribute: V24
  - Mean: 9.199211824188574E-10
  - Standard Deviation: 0.605647068091029
  - Minimum: -2.836627
  - Maximum: 4.584549
Attribute: V25
  - Mean: -1.4746827689129675E-10
  - Standard Deviation: 0.5212780708175755
  - Minimum: -10.295397
  - Maximum: 7.519589
Attribute: V26
  - Mean: -9.409881069056076E-10
  - Standard Deviation: 0.4822270146397792
  - Minimum: -2.604551
  - Maximum: 3.517346
Attribute: V27
  - Mean: 3.8622646347010473E-10
  - Standard Deviation: 0.40363249430089126
  - Minimum: -22.565679
  - Maximum: 31.612198
Attribute: V28
  - Mean: -1.6502403450146135E-10
  - Standard Deviation: 0.3300832640405579
  - Minimum: -15.430084
  - Maximum: 33.847808
Attribute: Amount
  - Mean: 88.34961925093134
  - Standard Deviation: 250.12010924018844
  - Minimum: 0.0
  - Maximum: 25691.16
Attribute: Class
  - Values: 0 1
Percentage of Non-Frauds: 99.82725143693798%
Percentage of Frauds: 0.1727485630620034%
Label Distributions:
Train Data:
Class 0.0: 227452 instances (99.82751431894489%)
Class 1.0: 393 instances (0.17248568105510323%)
Test Data:
Class 0.0: 56863 instances (99.82619992275552%)
Class 1.0: 99 instances (0.17380007724447877%)
Correlation Heatmap:
---------------------
Attri  scale  scale  V1     V2     V3     V4     V5     V6     V7     V8     V9     V10    V11    V12    V13    V14    V15    V16    V17    V18    V19    V20    V21    V22    V23    V24    V25    V26    V27    V28    Class  
scale  1      -0.01  -0.22  -0.53  -0.21  0.098  -0.38  0.216  0.397  -0.10  -0.04  -0.10  0.000  -0.00  0.005  0.033  -0.00  -0.00  0.007  0.035  -0.05  0.339  0.106  -0.06  -0.11  0.005  -0.04  -0.00  0.028  0.010  0.005  
scale  -0.01  1      0.117  -0.01  -0.41  -0.10  0.173  -0.06  0.084  -0.03  -0.00  0.030  -0.24  0.124  -0.06  -0.09  -0.18  0.011  -0.07  0.090  0.029  -0.05  0.044  0.144  0.051  -0.01  -0.23  -0.04  -0.00  -0.00  -0.01  
V1     -0.22  0.117  1      0      -0     -0     -0     0      -0     0      -0     0      -0     -0     0      0      -0     -0     0      0      -0     0      0      -0     0      0      -0     -0     0      -0     -0.10  
V2     -0.53  -0.01  0      1      -0     0      0      0      0      -0     0      -0     -0     -0     0      0      -0     0      0      0      -0     -0     0      -0     -0     0      -0     -0     -0     0      0.091  
V3     -0.21  -0.41  -0     -0     1      0      -0     -0     0      -0     0      -0     0      -0     0      0      -0     -0     0      0      0      0      0      0      -0     -0     0      0      0      0      -0.19  
V4     0.098  -0.10  -0     0      0      1      0      0      -0     -0     -0     -0     -0     -0     0      -0     -0     -0     0      0      -0     -0     -0     0      -0     -0     -0     0      0      -0     0.133  
V5     -0.38  0.173  -0     0      -0     0      1      -0     0      -0     0      0      -0     -0     -0     0      -0     0      0      0      0      0      -0     0      0      -0     -0     0      -0     -0     -0.09  
V6     0.216  -0.06  0      0      -0     0      -0     1      -0     0      0      0      0      -0     -0     0      -0     -0     -0     -0     -0     0      0      0      -0     0      -0     -0     0      0      -0.04  
V7     0.397  0.084  -0     0      0      -0     0      -0     1      -0     -0     -0     -0     -0     -0     -0     -0     0      -0     0      0      0      0      0      -0     -0     0      -0     -0     0      -0.18
V8     -0.10  -0.03  0      -0     -0     -0     -0     0      -0     1      -0     -0     -0     -0     -0     -0     -0     -0     0      0      -0     0      -0     0      0      0      0      -0     0      0      0.019  
V9     -0.04  -0.00  -0     0      0      -0     0      0      -0     -0     1      -0     -0     0      -0     -0     0      0      0      0      -0     -0     0      0      -0     -0     0      -0     0      0      -0.09  
V10    -0.10  0.030  0      -0     -0     -0     0      0      -0     -0     -0     1      0      0      0      -0     -0     0      -0     -0     0      0      -0     0      -0     -0     0      0      -0     -0     -0.21
V11    0.000  -0.24  -0     -0     0      -0     -0     0      -0     -0     -0     0      1      -0     -0     0      -0     -0     -0     -0     -0     0      -0     -0     0      -0     -0     0      -0     0      0.154  
V12    -0.00  0.124  -0     -0     -0     -0     -0     -0     -0     -0     0      0      -0     1      -0     0      -0     -0     -0     0      0      0      0      0      -0     -0     0      -0     -0     -0     -0.26
V13    0.005  -0.06  0      0      0      0      -0     -0     -0     -0     -0     0      -0     -0     1      0      0      -0     -0     -0     -0     0      0      0      -0     -0     0      0      -0     0      -0.00  
V14    0.033  -0.09  0      0      0      -0     0      0      -0     -0     -0     -0     0      0      0      1      -0     0      -0     0      0      -0     0      0      0      -0     -0     -0     -0     0      -0.30
V15    -0.00  -0.18  -0     -0     -0     -0     -0     -0     -0     -0     0      -0     -0     -0     0      -0     1      -0     -0     -0     0      0      0      0      0      0      0      -0     -0     0      -0.00
V16    -0.00  0.011  -0     0      -0     -0     0      -0     0      -0     0      0      -0     -0     -0     0      -0     1      -0     0      -0     0      0      0      -0     0      -0     -0     0      0      -0.19
V17    0.007  -0.07  0      0      0      0      0      -0     -0     0      0      -0     -0     -0     -0     -0     -0     -0     1      0      0      0      -0     -0     0      -0     -0     -0     0      -0     -0.32  
V18    0.035  0.090  0      0      0      0      0      -0     0      0      0      -0     -0     0      -0     0      -0     0      0      1      -0     0      0      0      -0     -0     0      -0     -0     0      -0.11
V19    -0.05  0.029  -0     -0     0      -0     0      -0     0      -0     -0     0      -0     0      -0     0      0      -0     0      -0     1      0      0      0      -0     0      -0     -0     -0     0      0.034  
V20    0.339  -0.05  0      -0     0      -0     0      0      0      0      -0     0      0      0      0      -0     0      0      0      0      0      1      -0     -0     0      0      -0     -0     0      -0     0.020
V21    0.106  0.044  0      0      0      -0     -0     0      0      -0     0      -0     -0     0      0      0      0      0      -0     0      0      -0     1      0      0      0      -0     -0     -0     -0     0.040  
V22    -0.06  0.144  -0     -0     0      0      0      0      0      0      0      0      -0     0      0      0      0      0      -0     0      0      -0     0      1      -0     0      0      0      -0     0      0.000  
V23    -0.11  0.051  0      -0     -0     -0     0      -0     -0     0      -0     -0     0      -0     -0     0      0      -0     0      -0     -0     0      0      -0     1      -0     -0     -0     0      0      -0.00
V24    0.005  -0.01  0      0      -0     -0     -0     0      -0     0      -0     -0     -0     -0     -0     -0     0      0      -0     -0     0      0      0      0      -0     1      0      0      0      -0     -0.00  
V25    -0.04  -0.23  -0     -0     0      -0     -0     -0     0      0      0      0      -0     0      0      -0     0      -0     -0     0      -0     -0     -0     0      -0     0      1      -0     -0     0      0.003
V26    -0.00  -0.04  -0     -0     0      0      0      -0     -0     -0     -0     0      0      -0     0      -0     -0     -0     -0     -0     -0     -0     -0     0      -0     0      -0     1      -0     -0     0.004  
V27    0.028  -0.00  0      -0     0      0      -0     0      -0     0      0      -0     -0     -0     -0     -0     -0     0      0      -0     -0     0      -0     -0     0      0      -0     -0     1      -0     0.017
V28    0.010  -0.00  -0     0      0      -0     -0     0      0      0      0      -0     0      -0     0      0      0      0      -0     0      0      -0     -0     0      0      -0     0      -0     -0     1      0.009  
Class  0.005  -0.01  -0.10  0.091  -0.19  0.133  -0.09  -0.04  -0.18  0.019  -0.09  -0.21  0.154  -0.26  -0.00  -0.30  -0.00  -0.19  -0.32  -0.11  0.034  0.020  0.040  0.000  -0.00  -0.00  0.003  0.004  0.017  0.009  1
Correlation Heatmap:
---------------------
Attri  scale  scale  V1     V2     V3     V4     V5     V6     V7     V8     V9     V10    V11    V12    V13    V14    V15    V16    V17    V18    V19    V20    V21    V22    V23    V24    V25    V26    V27    V28    Class  
scale  1      0.015  -0.04  -0.22  -0.02  0.011  -0.11  0.136  0.127  0.019  0.002  0.003  -0.00  0.007  -0.01  0.028  0.072  -0.02  -0.02  -0.03  0.072  0.096  0.012  0.003  -0.14  0.027  -0.05  -0.06  0.064  0.016  0.090
scale  0.015  1      0.227  -0.20  0.137  -0.18  0.264  0.089  0.204  -0.14  0.159  0.202  -0.30  0.248  -0.10  0.158  -0.15  0.228  0.227  0.256  -0.06  -0.04  -0.04  0.135  0.053  0.025  -0.18  -0.02  -0.14  0.025  -0.11
V1     -0.04  0.227  1      -0.66  0.863  -0.62  0.790  0.334  0.869  -0.07  0.626  0.720  -0.52  0.576  -0.08  0.430  0.089  0.612  0.662  0.669  -0.30  -0.16  0.028  -0.02  -0.01  -0.08  -0.07  0.061  0.189  0.003  -0.42  
V2     -0.22  -0.20  -0.66  1      -0.79  0.604  -0.78  -0.15  -0.76  -0.01  -0.69  -0.74  0.569  -0.62  0.005  -0.53  -0.18  -0.60  -0.60  -0.57  0.195  0.416  0.064  0.000  0.202  -0.01  0.077  -0.00  -0.15  -0.17  0.467
V3     -0.02  0.137  0.863  -0.79  1      -0.76  0.836  0.417  0.873  -0.16  0.760  0.857  -0.71  0.757  -0.07  0.652  0.133  0.722  0.737  0.701  -0.31  -0.29  0.030  -0.06  -0.03  0.002  -0.08  -0.01  0.116  0.057  -0.56
V4     0.011  -0.18  -0.62  0.604  -0.76  1      -0.54  -0.43  -0.70  0.100  -0.77  -0.78  0.790  -0.82  0.060  -0.79  -0.10  -0.72  -0.70  -0.63  0.301  0.221  -0.02  0.114  0.009  -0.08  -0.03  0.138  -0.00  -0.00  0.705  
V5     -0.11  0.264  0.790  -0.78  0.836  -0.54  1      0.178  0.779  -0.19  0.666  0.748  -0.51  0.606  -0.08  0.428  0.100  0.677  0.728  0.733  -0.39  -0.30  0.035  -0.10  -0.12  -0.11  -0.09  0.060  0.216  0.098  -0.37
V6     0.136  0.089  0.334  -0.15  0.417  -0.43  0.178  1      0.301  -0.52  0.316  0.382  -0.46  0.458  -0.15  0.485  -0.04  0.389  0.389  0.316  -0.19  -0.06  0.024  0.009  0.342  -0.02  -0.11  -0.02  -0.20  0.034  -0.36
V7     0.127  0.204  0.869  -0.76  0.873  -0.70  0.779  0.301  1      0.083  0.744  0.855  -0.62  0.707  -0.02  0.531  0.177  0.735  0.761  0.749  -0.33  -0.33  0.036  -0.11  -0.08  -0.05  0.062  0.026  0.21   0.149  -0.46
V8     0.019  -0.14  -0.07  -0.01  -0.16  0.100  -0.19  -0.52  0.083  1      -0.07  -0.05  0.171  -0.16  0.265  -0.18  0.132  -0.17  -0.21  -0.17  0.214  -0.01  -0.11  0.042  -0.41  0.074  0.226  0.051  0.288  -0.03  0.056  
V9     0.002  0.159  0.626  -0.69  0.760  -0.77  0.666  0.316  0.744  -0.07  1      0.840  -0.69  0.760  -0.02  0.673  0.109  0.727  0.754  0.704  -0.30  -0.39  0.149  -0.24  -0.07  0.014  -0.00  -0.12  0.129  0.155  -0.55
V10    0.003  0.202  0.720  -0.74  0.857  -0.78  0.748  0.382  0.855  -0.05  0.840  1      -0.80  0.881  -0.04  0.758  0.149  0.854  0.855  0.797  -0.39  -0.35  0.081  -0.21  -0.06  -0.00  0.024  -0.03  0.152  0.119  -0.62
V11    -0.00  -0.30  -0.52  0.569  -0.71  0.790  -0.51  -0.46  -0.62  0.171  -0.69  -0.80  1      -0.89  0.082  -0.88  -0.05  -0.80  -0.77  -0.67  0.379  0.164  0.137  0.013  -0.02  -0.11  0.026  0.174  0.173  0.026  0.674  
V12    0.007  0.248  0.576  -0.62  0.757  -0.82  0.606  0.458  0.707  -0.16  0.760  0.881  -0.89  1      -0.08  0.876  0.081  0.898  0.875  0.796  -0.44  -0.21  -0.07  -0.10  0.000  0.041  0.048  -0.12  -0.02  0.025  -0.67
V13    -0.01  -0.10  -0.08  0.005  -0.07  0.060  -0.08  -0.15  -0.02  0.265  -0.02  -0.04  0.082  -0.08  1      -0.00  0.010  -0.10  -0.13  -0.12  0.172  -0.08  -0.01  0.027  -0.09  0.071  -0.02  0.036  0.043  -0.03  -0.04
V14    0.028  0.158  0.430  -0.53  0.652  -0.79  0.428  0.485  0.531  -0.18  0.673  0.758  -0.88  0.876  -0.00  1      -0.00  0.774  0.730  0.615  -0.35  -0.12  -0.22  0.068  0.010  0.135  -0.07  -0.17  -0.20  -0.08  -0.74
V15    0.072  -0.15  0.089  -0.18  0.133  -0.10  0.100  -0.04  0.177  0.132  0.109  0.149  -0.05  0.081  0.010  -0.00  1      0.007  0.039  0.019  0.222  -0.18  0.115  -0.08  -0.07  0.034  -0.03  0.034  0.158  0.163  -0.02  
V16    -0.02  0.228  0.612  -0.60  0.722  -0.72  0.677  0.389  0.735  -0.17  0.727  0.854  -0.80  0.898  -0.10  0.774  0.007  1      0.951  0.905  -0.61  -0.20  -0.15  -0.09  -0.01  -0.05  0.069  -0.05  -0.02  0.049  -0.59
V17    -0.02  0.227  0.662  -0.60  0.737  -0.70  0.728  0.389  0.761  -0.21  0.754  0.855  -0.77  0.875  -0.13  0.730  0.039  0.951  1      0.939  -0.58  -0.19  -0.09  -0.11  0.010  -0.08  0.042  -0.05  0.000  0.043  -0.56
V18    -0.03  0.256  0.669  -0.57  0.701  -0.63  0.733  0.316  0.749  -0.17  0.704  0.797  -0.67  0.796  -0.12  0.615  0.019  0.905  0.939  1      -0.55  -0.15  -0.07  -0.11  0.010  -0.11  0.072  -0.02  0.057  0.041  -0.46  
V19    0.072  -0.06  -0.30  0.195  -0.31  0.301  -0.39  -0.19  -0.33  0.214  -0.30  -0.39  0.379  -0.44  0.172  -0.35  0.222  -0.61  -0.58  -0.55  1      0.020  0.113  0.136  -0.00  0.155  -0.16  0.046  0.039  0.002  0.247
V20    0.096  -0.04  -0.16  0.416  -0.29  0.221  -0.30  -0.06  -0.33  -0.01  -0.39  -0.35  0.164  -0.21  -0.08  -0.12  -0.18  -0.20  -0.19  -0.15  0.020  1      -0.41  0.396  0.178  -0.02  -0.00  -0.00  -0.06  -0.36  0.171
V21    0.012  -0.04  0.028  0.064  0.030  -0.02  0.035  0.024  0.036  -0.11  0.149  0.081  0.137  -0.07  -0.01  -0.22  0.115  -0.15  -0.09  -0.07  0.113  -0.41  1      -0.74  0.140  -0.05  0.126  0.024  0.373  0.136  0.128  
V22    0.003  0.135  -0.02  0.000  -0.06  0.114  -0.10  0.009  -0.11  0.042  -0.24  -0.21  0.013  -0.10  0.027  0.068  -0.08  -0.09  -0.11  -0.11  0.136  0.396  -0.74  1      0.004  0.071  -0.24  0.017  -0.35  -0.20  0.005
V23    -0.14  0.053  -0.01  0.202  -0.03  0.009  -0.12  0.342  -0.08  -0.41  -0.07  -0.06  -0.02  0.000  -0.09  0.010  -0.07  -0.01  0.010  0.010  -0.00  0.178  0.140  0.004  1      -0.02  0.058  0.028  -0.18  -0.04  -0.00
V24    0.027  0.025  -0.08  -0.01  0.002  -0.08  -0.11  -0.02  -0.05  0.074  0.014  -0.00  -0.11  0.041  0.071  0.135  0.034  -0.05  -0.08  -0.11  0.155  -0.02  -0.05  0.071  -0.02  1      -0.08  -0.12  -0.19  0.001  -0.08
V25    -0.05  -0.18  -0.07  0.077  -0.08  -0.03  -0.09  -0.11  0.062  0.226  -0.00  0.024  0.026  0.048  -0.02  -0.07  -0.03  0.069  0.042  0.072  -0.16  -0.00  0.126  -0.24  0.058  -0.08  1      0.046  0.192  0.157  0.018  
V26    -0.06  -0.02  0.061  -0.00  -0.01  0.138  0.060  -0.02  0.026  0.051  -0.12  -0.03  0.174  -0.12  0.036  -0.17  0.034  -0.05  -0.05  -0.02  0.046  -0.00  0.024  0.017  0.028  -0.12  0.046  1      0.163  0.035  0.058
V27    0.064  -0.14  0.189  -0.15  0.116  -0.00  0.216  -0.20  0.21   0.288  0.129  0.152  0.173  -0.02  0.043  -0.20  0.158  -0.02  0.000  0.057  0.039  -0.06  0.373  -0.35  -0.18  -0.19  0.192  0.163  1      0.062  0.08
V28    0.016  0.025  0.003  -0.17  0.057  -0.00  0.098  0.034  0.149  -0.03  0.155  0.119  0.026  0.025  -0.03  -0.08  0.163  0.049  0.043  0.041  0.002  -0.36  0.136  -0.20  -0.04  0.001  0.157  0.035  0.062  1      0.034  
Class  0.090  -0.11  -0.42  0.467  -0.56  0.705  -0.37  -0.36  -0.46  0.056  -0.55  -0.62  0.674  -0.67  -0.04  -0.74  -0.02  -0.59  -0.56  -0.46  0.247  0.171  0.128  0.005  -0.00  -0.08  0.018  0.058  0.08   0.034  1
Number of Instances after (Fraud Transactions) outliers removal: 981
V10 Lower: -23.213086
V10 Upper: 12.794291000000001
V10 outliers: [-24.588262, -24.403185, -23.228255]
V10 Feature Outliers for Fraud Cases: 3
Number of Instances after (Fraud Transactions) outliers removal: 981
V12 Lower: -26.018995
V12 Upper: 14.439409000000001
V12 outliers: No outliers
V12 Feature Outliers for Fraud Cases: 0
Number of Instances after (Fraud Transactions) outliers removal: 981
V14 Lower: -26.205081
V14 Upper: 12.07808
V14 outliers: No outliers
V14 Feature Outliers for Fraud Cases: 0
Label Distributions:
Train Data:
Class 0.0: 393 instances (50.12755102040817%)
Class 1.0: 391 instances (49.87244897959184%)
Test Data:
Class 0.0: 99 instances (50.25380710659898%)
Class 1.0: 98 instances (49.746192893401016%)
ARFF file saved successfully: C:\Users\ttai2\Documents\GitHub\Data-Mining\data\train_data.arff
ARFF file saved successfully: C:\Users\ttai2\Documents\GitHub\Data-Mining\data\test_data.arff
ARFF file saved successfully: C:\Users\ttai2\Documents\GitHub\Data-Mining\data\train_sub_data.arff
ARFF file saved successfully: C:\Users\ttai2\Documents\GitHub\Data-Mining\data\test_sub_data.arff
