PS D:\Documents\Downloads\Weka project> & 'C:\Program Files\Java\jdk-19\bin\java.exe' --add-opens java.base/java.lang=ALL-UNNAMED '@C:\Users\ttai2\AppData\Local\Temp\cp_ajod6srm5x4r5ffoofl25h39k.argfile' 'preprocessing.DataPreprocessing'
ARFF file saved successfully: D:\Documents\Downloads\Weka project\data\creditcard.arff
Relation Name:  creditcard-weka.filters.unsupervised.attribute.NumericToNominal-Rlast
Num Instances:  284807
Num Attributes: 31

     Name                      Type  Nom  Int Real     Missing      Unique  Dist
 1 Time                       Num   0% 100%   0%     0 /  0% 45163 / 16% 12459 
 2 V1                         Num   0%   0% 100%     0 /  0% 24997 / 88% 26485 
 3 V2                         Num   0%   0% 100%     0 /  0% 25121 / 88% 26565 
 4 V3                         Num   0%   0% 100%     0 /  0% 25521 / 90% 26778 
 5 V4                         Num   0%   0% 100%     0 /  0% 25433 / 89% 26728 
 6 V5                         Num   0%   0% 100%     0 /  0% 25085 / 88% 26548 
 7 V6                         Num   0%   0% 100%     0 /  0% 24770 / 87% 26381 
 8 V7                         Num   0%   0% 100%     0 /  0% 24674 / 87% 26330 
 9 V8                         Num   0%   0% 100%     0 /  0% 22694 / 80% 25254 
10 V9                         Num   0%   0% 100%     0 /  0% 25037 / 88% 26522 
11 V10                        Num   0%   0% 100%     0 /  0% 24463 / 86% 26213 
12 V11                        Num   0%   0% 100%     0 /  0% 25072 / 88% 26538 
13 V12                        Num   0%   0% 100%     0 /  0% 24492 / 86% 26233 
14 V13                        Num   0%   0% 100%     0 /  0% 25020 / 88% 26514 
15 V14                        Num   0%   0% 100%     0 /  0% 24364 / 86% 26165 
16 V15                        Num   0%   0% 100%     0 /  0% 24831 / 87% 26415
17 V16                        Num   0%   0% 100%     0 /  0% 24520 / 86% 26247
18 V17                        Num   0%   0% 100%     0 /  0% 24053 / 84% 26000
19 V18                        Num   0%   0% 100%     0 /  0% 24490 / 86% 26235
20 V19                        Num   0%   0% 100%     0 /  0% 24371 / 86% 26166
21 V20                        Num   0%   0% 100%     0 /  0% 20944 / 74% 24255
22 V21                        Num   0%   0% 100%     0 /  0% 21092 / 74% 24370
23 V22                        Num   0%   0% 100%     0 /  0% 24285 / 85% 26127
24 V23                        Num   0%   0% 100%     0 /  0% 20022 / 70% 23731
25 V24                        Num   0%   0% 100%     0 /  0% 23274 / 82% 25571
26 V25                        Num   0%   0% 100%     0 /  0% 23094 / 81% 25486
27 V26                        Num   0%   0% 100%     0 /  0% 22700 / 80% 25260
28 V27                        Num   0%   0% 100%     0 /  0% 16844 / 59% 21664
29 V28                        Num   0%   0% 100%     0 /  0% 14460 / 51% 20008
30 Amount                     Num   0%  25%  75%     0 /  0% 15964 /  6% 32767
31 Class                      Nom 100%   0%   0%     0 /  0%     0 /  0%     2

Dataset does not contain missing values.
Data description:
Attribute: Time
  - Mean: 94813.8595750826
  - Standard Deviation: 47488.14595456626
  - Minimum: 0.0
  - Maximum: 172792.0
Attribute: V1
  - Mean: 6.425404086167804E-10
  - Standard Deviation: 1.958695804595131
  - Minimum: -56.40751
  - Maximum: 2.45493
Attribute: V2
  - Mean: -6.320069954389402E-11
  - Standard Deviation: 1.6513085798946592
  - Minimum: -72.715728
  - Maximum: 22.057729
Attribute: V3
  - Mean: 4.5644988552649365E-11
  - Standard Deviation: 1.5162550062008753
  - Minimum: -48.325589
  - Maximum: 9.382558
Attribute: V4
  - Mean: -5.301836013334063E-10
  - Standard Deviation: 1.4158685742713926
  - Minimum: -5.683171
  - Maximum: 16.875344
Attribute: V5
  - Mean: -2.032955645020193E-9
  - Standard Deviation: 1.380246733114994
  - Minimum: -113.743307
  - Maximum: 34.801666
Attribute: V6
  - Mean: 1.0147222431479115E-9
  - Standard Deviation: 1.3322710893812897
  - Minimum: -26.160506
  - Maximum: 73.301626
Attribute: V7
  - Mean: 3.792042071289686E-10
  - Standard Deviation: 1.2370935981351352
  - Minimum: -43.557242
  - Maximum: 120.589494
Attribute: V8
  - Mean: -1.4185044825314776E-9
  - Standard Deviation: 1.1943529033026297
  - Minimum: -73.216718
  - Maximum: 20.007208
Attribute: V9
  - Mean: -3.3355924006490985E-10
  - Standard Deviation: 1.0986320889252805
  - Minimum: -13.434066
  - Maximum: 15.594995
Attribute: V10
  - Mean: 1.5097943868134363E-10
  - Standard Deviation: 1.0888497657267755
  - Minimum: -24.588262
  - Maximum: 23.745136
Attribute: V11
  - Mean: 5.863619768695078E-10
  - Standard Deviation: 1.0207130268116018
  - Minimum: -4.797473
  - Maximum: 12.018913
Attribute: V12
  - Mean: -8.637428321895857E-10
  - Standard Deviation: 0.9992013891754827
  - Minimum: -18.683715
  - Maximum: 7.848392
Attribute: V13
  - Mean: 2.6684737328100015E-10
  - Standard Deviation: 0.9952742292023593
  - Minimum: -5.791881
  - Maximum: 7.126883
Attribute: V14
  - Mean: 2.73869716565939E-10
  - Standard Deviation: 0.9585956107223983
  - Minimum: -19.214325
  - Maximum: 10.526766
Attribute: V15
  - Mean: -1.2289024795325681E-10
  - Standard Deviation: 0.9153160106957503
  - Minimum: -4.498945
  - Maximum: 8.877742
Attribute: V16
  - Mean: 1.2464581464941932E-9
  - Standard Deviation: 0.8762528873699935
  - Minimum: -14.129855
  - Maximum: 17.315112
Attribute: V17
  - Mean: -3.5111497533847153E-10
  - Standard Deviation: 0.8493370625356712
  - Minimum: -25.162799
  - Maximum: 9.253526
Attribute: V18
  - Mean: -5.301835972481664E-10
  - Standard Deviation: 0.8381762096301799
  - Minimum: -9.498746
  - Maximum: 5.041069
Attribute: V19
  - Mean: 1.2640137398681368E-10
  - Standard Deviation: 0.8140405008804805
  - Minimum: -7.213527
  - Maximum: 5.591971
Attribute: V20
  - Mean: 5.301835476098916E-10
  - Standard Deviation: 0.7709250242798934
  - Minimum: -54.49772
  - Maximum: 39.420904
Attribute: V21
  - Mean: -2.773808287028616E-10
  - Standard Deviation: 0.7345240133828188
  - Minimum: -34.830382
  - Maximum: 27.202839
Attribute: V22
  - Mean: -5.863619984979118E-10
  - Standard Deviation: 0.725701560725418
  - Minimum: -10.933144
  - Maximum: 10.50309
Attribute: V23
  - Mean: -6.249846327090895E-10
  - Standard Deviation: 0.6244602956208221
  - Minimum: -44.807735
  - Maximum: 22.528412
Attribute: V24
  - Mean: 9.199211824188574E-10
  - Standard Deviation: 0.605647068091029
  - Minimum: -2.836627
  - Maximum: 4.584549
Attribute: V25
  - Mean: -1.4746827689129675E-10
  - Standard Deviation: 0.5212780708175755
  - Minimum: -10.295397
  - Maximum: 7.519589
Attribute: V26
  - Mean: -9.409881069056076E-10
  - Standard Deviation: 0.4822270146397792
  - Minimum: -2.604551
  - Maximum: 3.517346
Attribute: V27
  - Mean: 3.8622646347010473E-10
  - Standard Deviation: 0.40363249430089126
  - Minimum: -22.565679
  - Maximum: 31.612198
Attribute: V28
  - Mean: -1.6502403450146135E-10
  - Standard Deviation: 0.3300832640405579
  - Minimum: -15.430084
  - Maximum: 33.847808
Attribute: Amount
  - Mean: 88.34961925093134
  - Standard Deviation: 250.12010924018844
  - Minimum: 0.0
  - Maximum: 25691.16
Attribute: Class
  - Values: 0 1
Percentage of Non-Frauds: 99.82725143693798%
Percentage of Frauds: 0.1727485630620034%
Label Distributions:
Train Data:
Class 0.0: 227452 instances (99.82751431894489%)
Class 1.0: 393 instances (0.17248568105510323%)
Test Data:
Class 0.0: 56863 instances (99.82619992275552%)
Class 1.0: 99 instances (0.17380007724447877%)
Correlation Heatmap:
---------------------
Attri  scale  scale  V1     V2     V3     V4     V5     V6     V7     V8     V9     V10    V11    V12    V13    V14    V15    V16    V17    V18    V19    V20    V21    V22    V23    V24    V25    V26    V27    V28    Class
scale  1      -0.01  -0.07  -0.29  -0.01  0.033  -0.13  0.176  0.151  0.022  -0.00  -0.01  -0.02  0.009  0.000  0.036  0.068  -0.00  -0.01  0.017  0.010  0.376  0.045  -0.02  0.150  0.016  -0.02  -0.06  0.015  -0.09  0.061
scale  -0.01  1      0.238  -0.19  0.135  -0.21  0.278  0.094  0.204  -0.13  0.148  0.209  -0.29  0.255  -0.10  0.171  -0.14  0.230  0.231  0.284  -0.07  -0.05  -0.05  0.126  0.041  -0.00  -0.17  -0.07  -0.15  0.015  -0.13  
V1     -0.07  0.238  1      -0.76  0.876  -0.61  0.853  0.320  0.873  -0.08  0.661  0.745  -0.52  0.594  -0.04  0.441  0.110  0.634  0.675  0.672  -0.29  -0.33  0.002  -0.03  -0.08  -0.06  -0.06  0.057  0.192  0.190  -0.43
V2     -0.29  -0.19  -0.76  1      -0.83  0.646  -0.76  -0.24  -0.83  -0.02  -0.67  -0.74  0.612  -0.65  0.036  -0.55  -0.15  -0.61  -0.62  -0.61  0.237  0.162  0.032  -0.00  0.030  -0.00  0.088  0.027  -0.14  0.011  0.481  
V3     -0.01  0.135  0.876  -0.83  1      -0.76  0.848  0.449  0.881  -0.17  0.768  0.857  -0.71  0.761  -0.04  0.656  0.140  0.724  0.738  0.702  -0.31  -0.32  0.028  -0.06  -0.03  0.021  -0.06  -0.00  0.112  0.144  -0.56  
V4     0.033  -0.21  -0.61  0.646  -0.76  1      -0.57  -0.40  -0.70  0.110  -0.78  -0.79  0.793  -0.83  0.058  -0.78  -0.13  -0.71  -0.70  -0.64  0.301  0.289  -0.02  0.110  0.032  -0.07  -0.04  0.116  -0.02  -0.09  0.703  
V5     -0.13  0.278  0.853  -0.76  0.848  -0.57  1      0.249  0.818  -0.20  0.657  0.756  -0.52  0.618  -0.11  0.431  0.081  0.687  0.740  0.741  -0.39  -0.30  0.039  -0.08  -0.09  -0.13  -0.08  0.055  0.195  0.190  -0.37
V6     0.176  0.094  0.320  -0.24  0.449  -0.40  0.249  1      0.289  -0.58  0.357  0.409  -0.48  0.485  -0.09  0.521  -0.06  0.420  0.415  0.352  -0.21  -0.07  0.043  -0.00  0.332  -0.06  -0.09  -0.00  -0.16  -0.04  -0.37
V7     0.151  0.204  0.873  -0.83  0.881  -0.70  0.818  0.289  1      0.086  0.752  0.858  -0.63  0.714  -0.00  0.541  0.187  0.744  0.764  0.764  -0.35  -0.30  0.040  -0.11  -0.04  -0.04  0.082  0.029  0.234  0.154  -0.47  
V8     0.022  -0.13  -0.08  -0.02  -0.17  0.110  -0.20  -0.58  0.086  1      -0.07  -0.05  0.174  -0.17  0.269  -0.19  0.141  -0.17  -0.22  -0.18  0.211  -0.02  -0.13  0.051  -0.40  0.068  0.225  0.039  0.291  -0.00  0.064
V9     -0.00  0.148  0.661  -0.67  0.768  -0.78  0.657  0.357  0.752  -0.07  1      0.842  -0.69  0.767  -0.04  0.671  0.135  0.721  0.758  0.703  -0.32  -0.34  0.163  -0.24  -0.04  0.023  0.002  -0.11  0.149  0.169  -0.55
V10    -0.01  0.209  0.745  -0.74  0.857  -0.79  0.756  0.409  0.858  -0.05  0.842  1      -0.80  0.879  -0.02  0.757  0.147  0.851  0.850  0.803  -0.40  -0.35  0.086  -0.21  -0.04  -0.01  0.044  -0.01  0.170  0.158  -0.62
V11    -0.02  -0.29  -0.52  0.612  -0.71  0.793  -0.52  -0.48  -0.63  0.174  -0.69  -0.80  1      -0.89  0.042  -0.89  -0.05  -0.80  -0.77  -0.68  0.388  0.160  0.135  0.011  -0.04  -0.11  -0.00  0.157  0.176  0.023  0.687  
V12    0.009  0.255  0.594  -0.65  0.761  -0.83  0.618  0.485  0.714  -0.17  0.767  0.879  -0.89  1      -0.06  0.879  0.077  0.897  0.875  0.804  -0.44  -0.19  -0.06  -0.10  0.024  0.046  0.058  -0.11  -0.02  0.014  -0.68
V13    0.000  -0.10  -0.04  0.036  -0.04  0.058  -0.11  -0.09  -0.00  0.269  -0.04  -0.02  0.042  -0.06  1      -0.00  -0.05  -0.09  -0.11  -0.12  0.174  -0.02  -0.00  0.039  -0.08  0.090  -0.01  0.072  0.040  -0.12  -0.07
V14    0.036  0.171  0.441  -0.55  0.656  -0.78  0.431  0.521  0.541  -0.19  0.671  0.757  -0.89  0.879  -0.00  1      0.005  0.776  0.730  0.629  -0.36  -0.10  -0.21  0.066  0.040  0.136  -0.05  -0.17  -0.20  -0.12  -0.74  
V15    0.068  -0.14  0.110  -0.15  0.140  -0.13  0.081  -0.06  0.187  0.141  0.135  0.147  -0.05  0.077  -0.05  0.005  1      0.008  0.042  0.038  0.231  -0.12  0.138  -0.06  -0.03  0.015  0.002  0.050  0.175  0.080  -0.03
V16    -0.00  0.230  0.634  -0.61  0.724  -0.71  0.687  0.420  0.744  -0.17  0.721  0.851  -0.80  0.897  -0.09  0.776  0.008  1      0.948  0.915  -0.62  -0.15  -0.14  -0.10  0.019  -0.05  0.081  -0.06  -0.02  0.017  -0.59
V17    -0.01  0.231  0.675  -0.62  0.738  -0.70  0.740  0.415  0.764  -0.22  0.758  0.850  -0.77  0.875  -0.11  0.730  0.042  0.948  1      0.943  -0.58  -0.19  -0.08  -0.11  0.025  -0.07  0.057  -0.04  0.005  0.062  -0.56
V18    0.017  0.284  0.672  -0.61  0.702  -0.64  0.741  0.352  0.764  -0.18  0.703  0.803  -0.68  0.804  -0.12  0.629  0.038  0.915  0.943  1      -0.55  -0.14  -0.07  -0.11  0.045  -0.13  0.081  -0.02  0.048  0.106  -0.47
V19    0.010  -0.07  -0.29  0.237  -0.31  0.301  -0.39  -0.21  -0.35  0.211  -0.32  -0.40  0.388  -0.44  0.174  -0.36  0.231  -0.62  -0.58  -0.55  1      0.015  0.116  0.142  -0.03  0.097  -0.16  0.067  0.051  -0.04  0.262
V20    0.376  -0.05  -0.33  0.162  -0.32  0.289  -0.30  -0.07  -0.30  -0.02  -0.34  -0.35  0.160  -0.19  -0.02  -0.10  -0.12  -0.15  -0.19  -0.14  0.015  1      -0.48  0.398  0.273  -0.03  0.042  -0.02  -0.16  0.013  0.136
V21    0.045  -0.05  0.002  0.032  0.028  -0.02  0.039  0.043  0.040  -0.13  0.163  0.086  0.135  -0.06  -0.00  -0.21  0.138  -0.14  -0.08  -0.07  0.116  -0.48  1      -0.75  0.142  -0.06  0.134  0.034  0.356  0.295  0.119
V22    -0.02  0.126  -0.03  -0.00  -0.06  0.110  -0.08  -0.00  -0.11  0.051  -0.24  -0.21  0.011  -0.10  0.039  0.066  -0.06  -0.10  -0.11  -0.11  0.142  0.398  -0.75  1      -0.03  0.081  -0.23  0.020  -0.36  -0.25  0.007
V23    0.150  0.041  -0.08  0.030  -0.03  0.032  -0.09  0.332  -0.04  -0.40  -0.04  -0.04  -0.04  0.024  -0.08  0.040  -0.03  0.019  0.025  0.045  -0.03  0.273  0.142  -0.03  1      -0.03  0.086  -0.00  -0.19  0.040  -0.04  
V24    0.016  -0.00  -0.06  -0.00  0.021  -0.07  -0.13  -0.06  -0.04  0.068  0.023  -0.01  -0.11  0.046  0.090  0.136  0.015  -0.05  -0.07  -0.13  0.097  -0.03  -0.06  0.081  -0.03  1      -0.08  -0.12  -0.19  -0.04  -0.09
V25    -0.02  -0.17  -0.06  0.088  -0.06  -0.04  -0.08  -0.09  0.082  0.225  0.002  0.044  -0.00  0.058  -0.01  -0.05  0.002  0.081  0.057  0.081  -0.16  0.042  0.134  -0.23  0.086  -0.08  1      0.069  0.2080.18   -0.00  
V26    -0.06  -0.07  0.057  0.027  -0.00  0.116  0.055  -0.00  0.029  0.039  -0.11  -0.01  0.157  -0.11  0.072  -0.17  0.050  -0.06  -0.04  -0.02  0.067  -0.02  0.034  0.020  -0.00  -0.12  0.069  1      0.173  0.044  0.051
V27    0.015  -0.15  0.192  -0.14  0.112  -0.02  0.195  -0.16  0.234  0.291  0.149  0.170  0.176  -0.02  0.040  -0.20  0.175  -0.02  0.005  0.048  0.051  -0.16  0.356  -0.36  -0.19  -0.19  0.208  0.173  1      0.291  0.075
V28    -0.09  0.015  0.190  0.011  0.144  -0.09  0.190  -0.04  0.154  -0.00  0.169  0.158  0.023  0.014  -0.12  -0.12  0.080  0.017  0.062  0.106  -0.04  0.013  0.295  -0.25  0.040  -0.04  0.18   0.044  0.291  1      0.075
Class  0.061  -0.13  -0.43  0.481  -0.56  0.703  -0.37  -0.37  -0.47  0.064  -0.55  -0.62  0.687  -0.68  -0.07  -0.74  -0.03  -0.59  -0.56  -0.47  0.262  0.136  0.119  0.007  -0.04  -0.09  -0.00  0.051  0.075  0.075  1
Number of Instances after (Fraud Transactions) outliers removal: 981
V10 Lower: -23.213086
V10 Upper: 12.794291000000001
V10 outliers: [-24.588262, -24.403185, -23.228255]
V10 Feature Outliers for Fraud Cases: 3
Number of Instances after (Fraud Transactions) outliers removal: 981
V12 Lower: -26.018995
V12 Upper: 14.439409000000001
V12 outliers: No outliers
V12 Feature Outliers for Fraud Cases: 0
Number of Instances after (Fraud Transactions) outliers removal: 981
V14 Lower: -26.205081
V14 Upper: 12.07808
V14 outliers: No outliers
V14 Feature Outliers for Fraud Cases: 0
ARFF file saved successfully: D:\Documents\Downloads\Weka project\data\train_data.arff
ARFF file saved successfully: D:\Documents\Downloads\Weka project\data\test_data.arff
ARFF file saved successfully: D:\Documents\Downloads\Weka project\data\new_data.arff
